0,2022-01-08/04/22 12:01:00,+8.61,+6.12,+5.31,+2.88
0,2022-01-08/04/22 12:01:06,+8.61,+6.12,+5.31,+2.88
0,2022-01-08/04/22 12:01:07,+8.61,+6.12,+5.31,+2.88
0,2022-01-08/04/22 12:01:08,+8.61,+6.12,+5.31,+2.88
0,2022-01-08/04/22 12:01:10,+8.61,+6.12,+5.31,+2.88
0,2022-01-08/04/22 12:01:12,+8.61,+6.12,+5.31,+2.88
0,2022-01-08/04/22 12:01:13,+8.61,+6.12,+5.31,+2.88
0,2022-01-08/04/22 12:01:14,+8.61,+6.12,+5.31,+2.88
0,2022-01-08/04/22 12:01:15,+8.61,+6.12,+5.31,+2.88
0,2022-01-08/04/22 12:01:16,+8.61,+6.12,+5.31,+2.88
0,2022-01-08/04/22 12:01:17,+8.61,+6.12,+5.31,+2.88
0,2022-01-08/04/22 12:01:18,+8.61,+6.12,+5.31,+2.88
0,2022-01-08/04/22 12:01:19,+8.61,+6.12,+5.31,+2.88
0,2022-01-08/04/22 12:01:20,+8.61,+6.12,+5.31,+2.88
0,2022-01-08/04/22 12:01:21,+8.61,+6.12,+5.31,+2.88
0,2022-01-08/04/22 12:01:22,+8.61,+6.12,+5.31,+2.88
0,2022-01-08/04/22 12:01:23,+8.61,+6.12,+5.31,+2.88
0,2022-01-08/04/22 12:01:25,+8.61,+6.12,+5.31,+2.88
0,2022-01-08/04/22 12:01:26,+8.61,+6.12,+5.31,+2.88
0,2022-01-08/04/22 12:01:27,+8.61,+6.12,+5.31,+2.88
0,2022-01-08/04/22 12:01:28,+8.61,+6.12,+5.31,+2.88
0,2022-01-08/04/22 12:01:29,+8.61,+6.12,+5.31,+2.88
0,2022-01-08/04/22 12:01:31,+8.61,+6.12,+5.31,+2.88
0,2022-01-08/04/22 12:01:32,+8.61,+6.12,+5.31,+2.88
0,2022-01-08/04/22 12:01:33,+8.61,+6.12,+5.31,+2.88
0,2022-01-08/04/22 12:01:34,+8.61,+6.12,+5.31,+2.88
0,2022-01-08/04/22 12:01:35,+8.61,+6.12,+5.31,+2.88
0,2022-01-08/04/22 12:01:36,+8.61,+6.12,+5.31,+2.88
0,2022-01-08/04/22 12:01:37,+8.61,+6.12,+5.31,+2.88
0,2022-01-08/04/22 12:01:38,+8.61,+6.12,+5.31,+2.88
0,2022-01-08/04/22 12:01:39,+8.61,+6.12,+5.31,+2.88
0,2022-01-08/04/22 12:01:40,+8.61,+6.12,+5.31,+2.88
0,2022-01-08/04/22 12:01:41,+8.61,+6.12,+5.31,+2.88
0,2022-01-08/04/22 12:01:42,+8.61,+6.12,+5.31,+2.88
0,2022-01-08/04/22 12:01:44,+8.61,+6.12,+5.31,+2.88
0,2022-01-08/04/22 12:01:45,+8.61,+6.12,+5.31,+2.88
0,2022-01-08/04/22 12:01:46,+8.61,+6.12,+5.31,+2.88
0,2022-01-08/04/22 12:01:47,+8.61,+6.12,+5.31,+2.88
0,2022-01-08/04/22 12:01:49,+8.61,+6.12,+5.31,+2.88
0,2022-01-08/04/22 12:01:50,+8.61,+6.12,+5.31,+2.88
0,2022-01-08/04/22 12:01:51,+8.61,+6.12,+5.31,+2.88
0,2022-01-08/04/22 12:01:52,+8.61,+6.12,+5.31,+2.88
0,2022-01-08/04/22 12:01:53,+8.61,+6.12,+5.31,+2.88
0,2022-01-08/04/22 12:01:55,+8.61,+6.12,+5.31,+2.88
0,2022-01-08/04/22 12:01:56,+8.61,+6.12,+5.31,+2.88
0,2022-01-08/04/22 12:01:57,+8.61,+6.12,+5.31,+2.88
0,2022-01-08/04/22 12:01:59,+8.61,+6.12,+5.31,+2.88
0,2022-02-08/04/22 12:02:00,+8.61,+6.12,+5.31,+2.88
0,2022-02-08/04/22 12:02:01,+8.61,+6.12,+5.31,+2.88
0,2022-02-08/04/22 12:02:02,+8.61,+6.12,+5.31,+2.88
0,2022-02-08/04/22 12:02:04,+8.61,+6.12,+5.31,+2.88
0,2022-02-08/04/22 12:02:05,+8.61,+6.12,+5.31,+2.88
0,2022-02-08/04/22 12:02:06,+8.61,+6.12,+5.31,+2.88
0,2022-02-08/04/22 12:02:07,+8.61,+6.12,+5.31,+2.88
0,2022-02-08/04/22 12:02:08,+8.61,+6.12,+5.31,+2.88
0,2022-02-08/04/22 12:02:09,+8.61,+6.12,+5.31,+2.88
0,2022-02-08/04/22 12:02:10,+8.61,+6.12,+5.31,+2.88
0,2022-02-08/04/22 12:02:11,+8.61,+6.12,+5.31,+2.88
0,2022-02-08/04/22 12:02:12,+8.61,+6.12,+5.31,+2.88
0,2022-02-08/04/22 12:02:14,+8.61,+6.12,+5.31,+2.88
0,2022-02-08/04/22 12:02:15,+8.61,+6.12,+5.31,+2.88
0,2022-02-08/04/22 12:02:16,+8.61,+6.12,+5.31,+2.88
0,2022-02-08/04/22 12:02:17,+8.61,+6.12,+5.31,+2.88
0,2022-02-08/04/22 12:02:18,+8.61,+6.12,+5.31,+2.88
0,2022-02-08/04/22 12:02:19,+8.61,+6.12,+5.31,+2.88
